memory_initialization_radix=2;
memory_initialization_vector=
111111111111,
111001110111,
101001110010,
010101111001,
000101111000,
000000000000,
000110101000,
010111010000,
101011010110,
111010111111,
111111111000,
111000000001,
100110011101,
010010010000,
000011100101,
000000011110,
001010010001,
011101000010,
110001000011,
111110000001,
111110011111,
110010001010,
011110001010,
001010111001,
000000100011,
000011100110,
010010110101,
100111110000,
111001010110,
111111111110,
111000101010,
100110100001,
010001011101,
000010110011,
000001000011,
001101000111,
100001101000,
110101011101,
111111101000,
111011011101,
101010110001,
010101000111,
000100011010,
000000011010,
001011000010,
011111011011,
110100000111,
111111011001,
111011111001,
101011001100,
010101000111,
000100001100,
000000100100,
001100000011,
100001001100,
110101110010,
111111110011,
111010010001,
100111110100,
010001011110,
000010010010,
000001110101,
010000011100,
100110110111,
111001110111,
111111110100,
110101101000,
100000011001,
001010111010,
000000001110,
000101111001,
011001000101,
101111111001,
111110011100,
111101000100,
101100011001,
010101001000,
000011100110,
000001001001,
001111001010,
100110001110,
111001111110,
111111101101,
110100001111,
011101101101,
001000011001,
000000000000,
001001001110,
011111000011,
110101011011,
111111111001,
111000100010,
100011010111,
001100010000,
000000010010,
000110010011,
011010111111,
110010100011,
111111100000,
111010010010,
100101110110,
001101111110,
000000100100,
000101100010,
011010000011,
110010000111,
111111011110,
111010001010,
100101001110,
001101001000,
000000010101,
000110100110,
011100001110,
110100001011,
111111110111,
111000000100,
100001011110,
001001111100,
000000000000,
001001111001,
100001100011,
111000010010,
111111110011,
110011010100,
011010100110,
000101010001,
000000111010,
010000011000,
101001111000,
111101000011,
111101100000,
101010110110,
010001000111,
000001000010,
000101001011,
011010111011,
110100000010,
111111111011,
110110101001,
011110010001,
000111000000,
000000011101,
001111000101,
101001001001,
111101000010,
111101001110,
101001011111,
001111001110,
000000011011,
000111010110,
011111010011,
110111110001,
111111101110,
110001100011,
010111000100,
000010110100,
000011000110,
010111110100,
110010010111,
111111110111,
110110100111,
011101001001,
000101101100,
000001001011,
010010111101,
101110001110,
111111001010,
111001010101,
100000111011,
000111110011,
000000011111,
010000011111,
101100000001,
111110101000,
111010010111,
100010010100,
001000011111,
000000010111,
010000001011,
101100000000,
111110101101,
111001111110,
100001010011,
000111100110,
000000101011,
010001111110,
101110001011,
111111010111,
111000000011,
011101111000,
000101010101,
000001110001,
010110000110,
110010010011,
111111111101,
110100000111,
011000001001,
000010011100,
000100100001,
011100110011,
110111101100,
111111010110,
101101011100,
010000100000,
000000010000,
001010000101,
100110000001,
111100111111,
111011111001,
100011100100,
001000001110,
000000110000,
010011100010,
110000110101,
111111111011,
110011111101,
010111000000,
000001101011,
000110010000,
100000111010,
111010110011,
111101100101,
100110110000,
001010000001,
000000011001,
010010010101,
110000010000,
111111111011,
110011011111,
010101110100,
000001001000,
000111110101,
100100000100,
111100101011,
111011100111,
100001101110,
000110001111,
000001111111,
011000111011,
110110010010,
111111010111,
101011110001,
001101010111,
000000000010,
010000001001,
101110111010,
111111111000,
110011001110,
010100101000,
000000101000,
001010000000,
101000000011,
111110100010,
111000001011,
011010111000,
000010011011,
000110000111,
100010100001,
111100100010,
111011001001,
011111100110,
000100011001,
000011111001,
011110101011,
111010110001,
111100101110,
100010100011,
000101110110,
000010110101,
011100100110,
111001101111,
111101010110,
100011110000,
000110010111,
000010100110,
011100010010,
111001101111,
111101001111,
100011001011,
000101110111,
000011000100,
011101101111,
111010101110,
111100010111,
100000110110,
000100011100,
000100011100,
100000111101,
111100011111,
111010011001,
011100110000,
000010011110,
000111000111,
100101111010,
111110011111,
110110110111,
010111000000,
000000101010,
001011101001,
101100010111,
111111110111,
110001001011,
010000000000,
000000000010,
010010100110,
110011101100,
111111011010,
101000111010,
001000101010,
000001111010,
011100001011,
111010101001,
111011110000,
011110001010,
000010100101,
000111101001,
100111110101,
111111010010,
110011101110,
010010000000,
000000000000,
010010000011,
110011111000,
111111001100,
100111000101,
000110111000,
000011010100,
100000100100,
111101001011,
111000010000,
010111010111,
000000011010,
001110000001,
110000011111,
111111110010,
101010000000,
001000011111,
000010100000,
011111001001,
111100110011,
111000011110,
010111001010,
000000010011,
001111000110,
110010000001,
111111011100,
100111001101,
000110010011,
000100010001,
100011101010,
111110101000,
110100100000,
010001011101,
000000000100,
010101100110,
110111110110,
111100111000,
011110011011,
000001111000,
001010011101,
101101101010,
111111111100,
101010100001,
000111111110,
000011011000,
100010100100,
111110100010,
110100001001,
010000010111,
000000010010,
011000010100,
111010000110,
111010101110,
011001010011,
000000011001,
001111111001,
110100000010,
111110011011,
100001100111,
000010101011,
001001101001,
101101100101,
111111111000,
101000101001,
000110000111,
000101011001,
100111100011,
111111110010,
101110001010,
001001110101,
000010110010,
100010011100,
111110110111,
110010001100,
001101001111,
000001010101,
011110100000,
111101101100,
110100111011,
001111111011,
000000100111,
011011110010,
111100101011,
110110100100,
010001101011,
000000010100,
011010010011,
111100000110,
110111010001,
010010010111,
000000010000,
011010000010,
111100000110,
110111000111,
010001111100,
000000010110,
011010111111,
111100101001,
110110000110,
010000011100,
000000101100,
011101001001,
111101101001,
110100000101,
001101111101,
000001100000,
100000100011,
111110110100,
110000111010,
001010101100,
000011000111,
100101001011,
111111110000,
101100010110,
000111000000,
000101111101,
101010110110,
111111111001,
100110010010,
000011011100,
001010100000,
110001001100,
111110100010,
011110110000,
000000110010,
010001000110,
110111100011,
111010111011,
010110000110,
000000000011,
011001110110,
111100110111,
110100011110,
001101001100,
000010010010,
100100010100,
111111110011,
101010111101,
000101011011,
001000011000,
101111011010,
111110110110,
011110111100,
000000101001,
010010100110,
111001001110,
111000110110,
010001111110,
000000110101,
100000001000,
111111001110,
101101100100,
000110101011,
000111011011,
101110101111,
111110110111,
011110010110,
000000011010,
010100011011,
111010110001,
110110100111,
001110011101,
000010001111,
100101100001,
111111111110,
100111001010,
000010110101,
001101011001,
110101111100,
111011000011,
010100011000,
000000100001,
011111110000,
111111011000,
101011110110,
000100111100,
001010010001,
110011001100,
111100100110,
010110111100,
000000001100,
011101111011,
111111000101,
101100101101,
000101001101,
001010001111,
110011100000,
111100001101,
010101101110,
000000011011,
100000000101,
111111100110,
101001111000,
000011011110,
001101010001,
110110110001,
111001101001,
010000111011,
000001110110,
100110001011,
111111111100,
100011000001,
000000111001,
010100001011,
111011110010,
110011100000,
001001100001,
000110011001,
101111100111,
111101101101,
011000000111,
000000001110,
011111110000,
111111101100,
101000001000,
000010010001,
010000101000,
111010000001,
110101100001,
001010111111,
000101100111,
101110111111,
111101101111,
010111100101,
000000011001,
100001100101,
111111111011,
100101000101,
000001000110,
010100100111,
111100100111,
110001000001,
000110101011,
001010000111,
110101001100,
111001110010,
001111011110,
000011001111,
101011011100,
111110101110,
011001110000,
000000001101,
100001000010,
111111111100,
100011111111,
000000101001,
010111010000,
111110000010,
101101000110,
000011110011,
001110111101,
111001110111,
110100011110,
001000110001,
001000100100,
110100010011,
111001110111,
001110101110,
000100001000,
101110001001,
111101011001,
010100111011,
000001011100,
101000000001,
111111010011,
011010111000,
000000001101,
100010010101,
111111111101,
100000001111,
000000000010,
011101010110,
111111110000,
100100110100,
000000100010,
011001001100,
111111000010,
101000100010,
000001011001,
010101111001,
111110000111,
101011011010,
000010010101,
010011011100,
111101001101,
101101011110,
000011001010,
010001110001,
111100011111,
101110110001,
000011101110,
010000110101,
111100000110,
101111010111,
000011111101,
010000100101,
111100000011,
101111010000,
000011110011,
010001000010,
111100011000,
101110011101,
000011010011,
010010001100,
111101000010,
101100111011,
000010100001,
010100000110,
111101111011,
101010101000,
000001100101,
010110110011,
111110110111,
100111100000,
000000101100,
011010010110,
111111101001,
100011100010,
000000000101,
011110110000,
111111111111,
011110101101,
000000000110,
100011111110,
111111100001,
011001001001,
000001000110,
101001110100,
111101111001,
010011000100,
000011011101,
110000000001,
111010101110,
001100111000,
000111100001,
110110000100,
110101101101,
000111001001,
001101100001,
111011010011,
101110101110,
000010100111,
010101011101,
111110111001,
100101111011,
000000001100,
011110111111,
111111111100,
011011110101,
000000101110,
101001010111,
111101101010,
010001011101,
000100111001,
110011011000,
110111100011,
001000001111,
001100111011,
111011011001,
101101101110,
000001110111,
011000010100,
111111101011,
100001000110,
000000000101,
100101101011,
111110101010,
010011100101,
000100000101,
110010101100,
110111101000,
000111110101,
001110000001,
111100011010,
101011000111,
000000110111,
011100100010,
111111111110,
011011010110,
000001001100,
101100100110,
111011011110,
001100000110,
001001110101,
111001110111,
101111000011,
000001111100,
011001010110,
111111111010,
011101011111,
000000110011,
101011100110,
111011110000,
001100000110,
001010001110,
111010011111,
101101100110,
000001010001,
011100000001,
111111111101,
011001110000,
000010000010,
101111111110,
111000101011,
000111110100,
001111011001,
111101110000,
100110011100,
000000000000,
100100101000,
111110010101,
010000101001,
000111000111,
111000010000,
110000000101,
000001110111,
011010111111,
111111111110,
011001000010,
000010101001,
110010000101,
110110011001,
000101010000,
010011111111,
111111011011,
011111100100,
000000101110,
101100111100,
111010000000,
001000011101,
001111101000,
111110010001,
100011110000,
000000001001,
101001101011,
111011101101,
001010011100,
001101100011,
111101100001,
100101100000,
000000000010,
101000100111,
111100000101,
001010110000,
001101100000,
111101101000,
100100111001,
000000000110,
101001111000,
111011010000,
001001010011,
001111011101,
111110100010,
100001111000,
000000100010,
101101010101,
111000111010,
000110011011,
010011101100,
111111101010,
011100011101,
000010000111,
110010100111,
110100011000,
000010111100,
011010100011,
111111110110,
010100110110,
000101111110,
111000110100,
101100110111,
000000010101,
100100000100,
111101011100,
001011111111,
001101011011,
111110001000,
100001111101,
000000110000,
101111010111,
110110100111,
000011111010,
011001001110,
111111111001,
010100100011,
000110101010,
111010000001,
101010001110,
000000000000,
101000011110,
111010111101,
000111100100,
010011100010,
111111110101,
011001010110,
000100001010,
110111011111,
101101100000,
000000001111,
100101111111,
111100000001,
001000100111,
010010100010,
111111110001,
011001011100,
000100010111,
111000000100,
101100001111,
000000000100,
101000010010,
111010100010,
000110011110,
010110000110,
111111111110,
010100110100,
000111011001,
111011011110,
100110001111,
000000010101,
101111000001,
110101011110,
000010011001,
011110101011,
111110011110,
001100010111,
001111000100,
111111010100,
011011000111,
000100000101,
111000011011,
101010101011,
000000000000,
101100000001,
110111011000,
000011001110,
011101010001,
111110101100,
001100011110,
001111011111,
111111100010,
011001010111,
000101010101,
111010010010,
100111001000,
000000011001,
110000011101,
110011001110,
000001000011,
100100001001,
111011110000,
000110101101,
010111100011,
111111101110,
001111111111,
001100101000,
111110111110,
011011001110,
000100101111,
111010000111,
100110101010,
000000100111,
110010001011,
110000111001,
000000010101,
101000011100,
111000110101,
000011100000,
011110001101,
111101111001,
001001011010,
010100100100,
111111111011,
010001000111,
001100010111,
111111000111,
011001101110,
000110000111,
111011111010,
100010011001,
000010000011,
110110111000,
101010011111,
000000001011,
110000101010,
110001100000,
000000010010,
101001110100,
110111001011,
000010000011,
100010111000,
111011011000,
000101000111,
011100001110,
111110001010,
001001000101,
010110001010,
111111101000,
001101100101,
010000110110,
111111111110,
010010010100,
001100011001,
111111011010,
010111000001,
001000110001,
111110001100,
011011100000,
000101111100,
111100011111,
011111101001,
000011110100,
111010100010,
100011010111,
000010010011,
111000011110,
100110100110,
000001010010,
110110011101,
101001010101,
000000101001,
110100100101,
101011100101,
000000010001,
110010111100,
101101011000,
000000000101,
110001100101,
101110101111,
000000000001,
110000100011,
101111101011,
000000000000,
101111111001,
110000001101,
000000000000,
101111100111,
110000010111,
000000000000,
101111101101,
110000001001,
000000000000,
110000001100,
101111100010,
000000000000,
110001000010,
101110100001,
000000000100,
110010001111,
101101000110,
000000001110,
110011110000,
101011001110,
000000100100,
110101100001,
101000111000,
000001001010,
110111011111,
100110000011,
000010000111,
111001100010,
100010101111,
000011100011,
111011100100,
011110111100,
000101100100,
111101011010,
011010101111,
001000010001,
111110111000,
010110001100,
001011110001,
111111110011,
010001011101,
010000000110,
111111111011,
001100110000,
010101010010,
111111000001,
001000010100,
011011001111,
111100111010,
000100011111,
100001110100,
111001011010,
000001101000,
101000101111,
110100011101,
000000001000,
101111100111,
101110000100,
000000010111,
110101111111,
100110011101,
000010100111,
111011001111,
011110000000,
000111000100,
111110110001,
010101010001,
001101101011,
111111111110,
001101000000,
010110001100,
111110011010,
000110000111,
100000000001,
111001110100,
000001011111,
101010010000,
110010010011,
000000000000,
110011110000,
101000010111,
000010001111,
111011001111,
011101000001,
001000010101,
111111011100,
010001101010,
010001111010,
111111010111,
000111111101,
011101111001,
111010100011,
000001101000,
101010100110,
110001010010,
000000001000,
110101111100,
100100101111,
000100001101,
111101101010,
010110111011,
001101100111,
111111111011,
001010011111,
011010111111,
111011101111,
000010001010,
101001110010,
110001011100,
000000001011,
110110110010,
100010110111,
000101100100,
111110101110,
010011001110,
010001100110,
111111001001,
000110011100,
100001101010,
110111010111,
000000001110,
110001101001,
101000111000,
000010110101,
111100111100,
010111011110,
001110001010,
111111110000,
001000010010,
011111010011,
111000100011,
000000011001,
110001000010,
101001000100,
000010111110,
111101010100,
010110000110,
001111110101,
111111010110,
000110010110,
100010111001,
110101101110,
000000000000,
110101001100,
100011011100,
000110001010,
111111010110,
001111011011,
010111000101,
111100100111,
000010000011,
101100000111,
101101011000,
000001100111,
111100000110,
010111110110,
001111000100,
111111010101,
000101110001,
100100110010,
110011100011,
000000001011,
111000011110,
011101110011,
001010100100,
111111111101,
001000110111,
100000010101,
110110100111,
000000000000,
110110001111,
100000101101,
001000110001,
111111111110,
001010000101,
011110111111,
110111010001,
000000000000,
110110000111,
100000011110,
001001001101,
111111111110,
001001000101,
100000110011,
110101101101,
000000000011,
111000001011,
011101000110,
001100000000,
111111101101,
000110001001,
100101101101,
110001100000,
000000110111,
111011101110,
010110101110,
010001110100,
111101111011,
000010011001,
101101011010,
101001111000,
000100000101,
111111000111,
001110000010,
011011011000,
111000101110,
000000000010,
110110100100,
011110011011,
001011110001,
111111100110,
000101001001,
101000011100,
101110001011,
000010010110,
111110001011,
010000010111,
011001010100,
111001101000,
000000000101,
110110011100,
011101111101,
001100101000,
111111010010,
000011111011,
101011010011,
101010110100,
000100001110,
111111011100,
001011110001,
011111011101,
110100111111,
000000011001,
111011011100,
010101011010,
010100110101,
111011101101,
000000011100,
110100111101,
011111000110,
001100011011,
111111001001,
000011001110,
101101100000,
100111101100,
000110100001,
111111111110,
000111100011,
100110001110,
101110101000,
000010110110,
111111000010,
001100010111,
011111110100,
110011110110,
000000111010,
111101001011,
010000111101,
011010100111,
110111011111,
000000001000,
111011000011,
010100110100,
010110101110,
111001110111,
000000000000,
111001001011,
010111101100,
010100000111,
111011010001,
000000001000,
110111110111,
011001011100,
010010101100,
111011111011,
000000001111,
110111010100,
011001111111,
010010011001,
111011111110,
000000001110,
110111100110,
011001010110,
010011001110,
111011011001,
000000000101,
111000101011,
010111100000,
010101001101,
111010000101,
000000000000,
111010011010,
010100100011,
011000011011,
110111110101,
000000010000,
111100011111,
010000100111,
011100111101,
110100010111,
000001010011,
111110100000,
001011111111,
100010110000,
101111010110,
000011101011,
111111110100,
000111001010,
101001101001,
101000100111,
000111111011,
111111101010,
000010111100,
110001001000,
100000001101,
001110100010,
111101001001,
000000010100,
111000010001,
010110100110,
010111100111,
110111100001,
000000100010,
111101110001,
001100110111,
100010101110,
101110011011,
000100101110,
111111111111,
000100101100,
101110100110,
100010010010,
001101100000,
111101010011,
000000010001,
111001000101,
010100101000,
011010011110,
110100110100,
000001101101,
111111010100,
001000001111,
101001101011,
100110111110,
001010010001,
111110100011,
000000110010,
110111100001,
010110010101,
011001010001,
110101010010,
000001101100,
111111011011,
000111011111,
101011010011,
100100101100,
001100011111,
111101010101,
000000001001,
111010011011,
010001011101,
011111000100,
110000000101,
000100101010,
111111111100,
000011000100,
110011000000,
011011010110,
010101001101,
110111101000,
000001000001,
111111001000,
000111110100,
101011101101,
100011010101,
001110010111,
111011111001,
000000000001,
111100111101,
001100011000,
100110000000,
101000110101,
001010001110,
111101111110,
000000001011,
111010111010,
001111100110,
100010011111,
101011110111,
001000001110,
111110110000,
000000011111,
111001110111,
010000111000,
100001010110,
101100100111,
000111111011,
111110110010,
000000011101,
111010001101,
010000000101,
100010100110,
101011000111,
001001001111,
111110000101,
000000000111,
111011110011,
001101010010,
100110001110,
100111010010,
001100100000,
111100001011,
000000000101,
111110000011,
001000111110,
101100000010,
100000111011,
010010010000,
111000001001,
000001011101,
111111110011,
000100000111,
110011011000,
011000001100,
011010111111,
110000111101,
000101110011,
111111010000,
000000100010,
111010110000,
001110000000,
100110011111,
100101111011,
001110100100,
111010010001,
000000110001,
111111100011,
000100101011,
110011001000,
010111101111,
011100001110,
101111001100,
000111100001,
111110010011,
000000000010,
111101001110,
001001011010,
101100111010,
011110011011,
010110000011,
110100000101,
000100011000,
111111100001,
000000100100,
111011010100,
001100001010,
101001111000,
100001001110,
010011110101,
110101100010,
000011101010,
111111101011,
000000101100,
111011001111,
001011111100,
101010100100,
100000000011,
010101010110,
110011111110,
000100111010,
111111001001,
000000001010,
111101000010,
001000110011,
101110111000,
011010111011,
011010110000,
101110111100,
001000111000,
111100110111,
000000010000,
111111011010,
000011111101,
110101111011,
010010001111,
100100010010,
100101100001,
010001001101,
110110100111,
000011101001,
111111011101,
000000001110,
111101001101,
000111111000,
110000111011,
010111101010,
011111000011,
101010000101,
001101101001,
111001000001,
000010010110,
111111110100,
000000100010,
111100100101,
001000011111,
110000100110,
010111100001,
011111101111,
101000111001,
001111001000,
110111100001,
000011100010,
111111010011,
000000000011,
111110010011,
000101011001,
110101000100,
010001110101,
100110010101,
100001110110,
010110000110,
110001001110,
001000100100,
111100000110,
000000111110,
111111111110,
000000111110,
111100001011,
001000010010,
110001110110,
010100111110,
100011100101,
100011111111,
010100101011,
110001111100,
001000011010,
111011111001,
000001010000,
111111111100,
000000011111,
111101011101,
000110000001,
110101001100,
010000100010,
101000111110,
011101110110,
011011001111,
101011010111,
001110100010,
110110101011,
000101000110,
111101111000,
000000011001,
111111111100,
000001000000,
111100101111,
000110101000,
110100111111,
010000001000,
101010001000,
011011111010,
011101111001,
101000001000,
010010001010,
110010111111,
001000100010,
111011000011,
000010010001,
111111010111,
000000000000,
111111100011,
000001110110,
111011110010,
000111010111,
110100101110,
001111101110,
101011010110,
011001110011,
100000111000,
100100011000,
010110011110,
101110010100,
001101010001,
110110100110,
000110000111,
111100011111,
000001100110,
111111100011,
000000000000,
111111101011,
000001010011,
111101000001,
000101001101,
110111111110,
001011010000,
110001000110,
010010110100,
101001000010,
011011001100,
100000011111,
100011110000,
011000000101,
101011110110,
010000011010,
110010111111,
001001111010,
111000110000,
000100111011,
111100111010,
000001101001,
111111010100,
000000000111,
111111111110,
000000010100,
111110111110,
000010000101,
111100011111,
000101001101,
111000110010,
001001011011,
110100000110,
001110011111,
101110101111,
010100000101,
101000111110,
011001111101,
100011000100,
011111110110,
011101001111,
100101100011,
010111101101,
101010111001,
010010100110,
101111101111,
001110000010,
110011111111,
001010000110,
110111100110,
000110110101,
111010100010,
000100001110,
111100110011,
000010010010,
111110011011,
000000111110,
111111011100,
000000001110,
111111111011,
000000000000,
111111111011,
000000001101,
111111100001,
000000110010,
111110110001,
000001101011,
111101110000,
000010110011,
111100100010,
000100000110,
111011001011,
000101100001,
111001101110,
000111000000,
111000001110,
001000011111,
110110101111,
001001111110,
110101010010,
001011011001,
110011111010,
001100101110,
110010101000,
001101111101,
110001011101,
001111000011,
110000011011,
010000000001,
101111100010,
010000110100,
101110110100,
010001011101,
101110010000,
010001111100,
101101110111,
010010001111,
101101101010,
010010010111,
101101100111,
010010010100,
101101110000,
010010000101,
101110000101,
010001101011,
101110100100,
010001000110,
101111001110,
010000010111,
110000000011,
001111011101,
110001000001,
001110011010,
110010001001,
001101001111,
110011011000,
001011111100,
110100101110,
001010100011,
110110001001,
001001000110,
110111101000,
000111100110,
111001001000,
000110000111,
111010100110,
000100101010,
111100000000,
000011010011,
111101010011,
000010000110,
111110011001,
000001000111,
111111010000,
000000011001,
111111110100,
000000000010,
111111111110,
000000000101,
111111101100,
000000100111,
111110111001,
000001101100,
111101100001,
000011011000,
111011100001,
000101101101,
111000110110,
001000101101,
110101100001,
001100011000,
110001100001,
010000101101,
101100111001,
010101100110,
100111101111,
011010111111,
100010001010,
100000101101,
011100010100,
100110100111,
010110011010,
101100011110,
010000101011,
110010000001,
001011011000,
110111000000,
000110110001,
111011001001,
000011001011,
111110001001,
000000110101,
111111110000,
000000000000,
111111110010,
000000110100,
111110000101,
000011011010,
111010101000,
000111101110,
110101011110,
001101101001,
101110110110,
010100111001,
100111000101,
011101000100,
011110101000,
100101101000,
010110000110,
101101111110,
001110001000,
110101011010,
000111011010,
111011010000,
000010100101,
111110111011,
000000001011,
111111111101,
000000100110,
111110000100,
000011111101,
111001010001,
001010000111,
110001111000,
010010100110,
101000100000,
011100101001,
011110000010,
100111001110,
010011100111,
110001001100,
001010011011,
111001010011,
000011101001,
111110011111,
000000010000,
111111111100,
000000110111,
111101010000,
000101100101,
110110100111,
001101111110,
101100101110,
011001000010,
100000110110,
100101010010,
010100101011,
110000111011,
001010000010,
111010000111,
000010101101,
111111010001,
000000000000,
111111010110,
000010100110,
111010001000,
001010010001,
110000010010,
010101111001,
100011011000,
100011100001,
010101101011,
110000101010,
001001101111,
111010110001,
000001111111,
111111101101,
000000001001,
111110010010,
000100110101,
110110100010,
001111010011,
101001111000,
011101100000,
011010111000,
101100011100,
001100110111,
111000101101,
000011000110,
111111010110,
000000000010,
111110100100,
000100101011,
110110010010,
010000001001,
101000010011,
011111110001,
011000000010,
101111100111,
001001101100,
111011011110,
000001001011,
111111111110,
000001000100,
111011100111,
001001101010,
101111010110,
011000110001,
011110011110,
101010001010,
001101111001,
111000101010,
000010101001,
111111101110,
000000011001,
111100111001,
001000001001,
110000110010,
010111101011,
011111000100,
101010000111,
001101011111,
111001010011,
000010000011,
111111111011,
000000111010,
111011011001,
001010110010,
101101000000,
011100011010,
011001110000,
101111100000,
001000101001,
111100111100,
000000010000,
111111011001,
000100000011,
110101101000,
010010111000,
100011001011,
100111000110,
001111010010,
111000100100,
000010000111,
111111111101,
000001011000,
111001110111,
001101101110,
101000100101,
100010000110,
010011011000,
110101101100,
000011101010,
111111101011,
000000101011,
111011001101,
001100001000,
101010000010,
100001000000,
010011111110,
110101100011,
000011100011,
111111110000,
000000111011,
111010010111,
001101110000,
100111101100,
100011111001,
010000111101,
111000001011,
000001110111,
111111111110,
000010100010,
110110110110,
010010111101,
100001010101,
101010100100,
001010111101,
111100011111,
000000000111,
111110100101,
000111001100,
101111010001,
011100100001,
010111000100,
110100000000,
000011111011,
111111110011,
000001010111,
111000101000,
010001010000,
100010011100,
101010010001,
001010100110,
111101000010,
000000000000,
111101101000,
001001101000,
101011010010,
100001101101,
010001100001,
111000110010,
000001000111,
111111100110,
000101001011,
110001010000,
011011011000,
010111000110,
110100110110,
000010111011,
111111111111,
000010111100,
110100101100,
010111100001,
011010100110,
110010010001,
000100010000,
111111111000,
000010000101,
110110000101,
010110000011,
011011110001,
110001100100,
000100100001,
111111110111,
000010001001,
110101101101,
010110111000,
011010100101,
110010110110,
000011100110,
111111111110,
000011001011,
110011011110,
011010000011,
010111000011,
110101111001,
000001111000,
111111101101,
000101101100,
101110111111,
011111101100,
010001011101,
111010000100,
000000010010,
111110000010,
001010100100,
100111110001,
100111101101,
001010100011,
111110000111,
000000010111,
111001100010,
010010101110,
011101101101,
110001010010,
000011111000,
111111111110,
000100000101,
110000110100,
011110100001,
010001101100,
111010011101,
000000000111,
111101000100,
001101010001,
100011011100,
101100110000,
000110010101,
111111110000,
000010100101,
110011000111,
011100010101,
010011001001,
111001110111,
000000001001,
111101000000,
001101111000,
100010000111,
101110100000,
000100111010,
111111111110,
000100001110,
101111100010,
100001001100,
001110010111,
111100111100,
000000001100,
111001001111,
010100110010,
011001110000,
110101110101,
000001000101,
111110100101,
001011000010,
100100110110,
101100110000,
000101100000,
111111111110,
000100100001,
101110010010,
100011011011,
001011111000,
111110011000,
000001000011,
110101011101,
011010111111,
010010110111,
111010111111,
000000000000,
111010010111,
010100000001,
011001100000,
110110110011,
000000100011,
111101011000,
001110101100,
011111001110,
110010100110,
000001111101,
111111000000,
001010111000,
100011110000,
101110111101,
000011100101,
111111101101,
001000010101,
100111000001,
101100001011,
000100111111,
111111111100,
000110110101,
101001000010,
101010011101,
000101111000,
111111111110,
000110001010,
101001110110,
101001111000,
000110000110,
111111111110,
000110001111,
101001100000,
101010011101,
000101100110,
111111111101,
000111000100,
100111111110,
101100001011,
000100011110,
111111110010,
001000110000,
100101001101,
101110111101,
000010111100,
111111001100,
001011100001,
100001001011,
110010100110,
000001010101,
111101110011,
001111101000,
011011111010,
110110110011,
000000001100,
111011000111,
010101010010,
010101100110,
111010111111,
000000001100,
110110100111,
011100100100,
001110101010,
111110011000,
000010000111,
101111111010,
100101001111,
000111111001,
111111111110,
000110101111,
100110111001,
101110101001,
000010100001,
111110100101,
001110100100,
011100000011,
110111011111,
000000000001,
111001001111,
011001100000,
010000100100,
111101111100,
000001111101,
101111100010,
100110100010,
000110100001,
111111111010,
001001010111,
100010000111,
110011011110,
000000100110,
111011100101,
010110000110,
010011001001,
111101000101,
000001011100,
110000010111,
100110001110,
000110010101,
111111110101,
001010100000,
011111111000,
110101101010,
000000000111,
111001010000,
011010101111,
001110011001,
111111000100,
000100000101,
101001101101,
101101110000,
000010001011,
111101101000,
010010101110,
010101100100,
111100011001,
000001010010,
101111111100,
100111101101,
000100111000,
111111010010,
001110001001,
011010010001,
111010000100,
000000011001,
110011000001,
100100011110,
000110100010,
111111101101,
001100011011,
011011111110,
111001010001,
000000010000,
110011011110,
100100010100,
000110011001,
111111101000,
001101001111,
011010100101,
111010010101,
000000100111,
110001010110,
100111010000,
000100100001,
111110110110,
010000110000,
010110001010,
111100110100,
000010000101,
101100010010,
101101000010,
000001110001,
111100010100,
010111100001,
001111001100,
111111010111,
000110000111,
100011101110,
110100110110,
000000000001,
110110010101,
100001110111,
000111000110,
111111100110,
001110011110,
010111110100,
111100011110,
000010001000,
101011010010,
101110110110,
000000111011,
111010010100,
011100001110,
001010100110,
111111111110,
001011010000,
011011001110,
111011000000,
000001010111,
101101000000,
101101101010,
000001001000,
111010011100,
011100100001,
001001111111,
111111111011,
001100110000,
011000110011,
111100011111,
000010100100,
101001001011,
110001101100,
000000001011,
110110110110,
100010110000,
000101100110,
111110101100,
010011100011,
010000111101,
111111011001,
000111100000,
011111010011,
111001010111,
000000111011,
101101011000,
101110011001,
000000101010,
111000011110,
100001000000,
000110001101,
111110110011,
010011110110,
010000000101,
111111101011,
001001000110,
011100001111,
111011011110,
000010010010,
101000100101,
110011010100,
000000000000,
110011010010,
101000110001,
000010000111,
111011000100,
011101011101,
000111111010,
111111010000,
010010111000,
010000010001,
111111110000,
001010001001,
011001111110,
111100111100,
000011111110,
100011111000,
110111011111,
000000101001,
101101000000,
110000001110,
000000000111,
110100101010,
101000000000,
000010000011,
111010011010,
011111100111,
000101111101,
111110000111,
010111101011,
001011010010,
111111110100,
010000101010,
010001011101,
111111101110,
001010110100,
011000000000,
111110001000,
000110010010,
011110011110,
111011011001,
000011000100,
100100100101,
110111110111,
000001000100,
101010000110,
110011110110,
000000001000,
101110111010,
101111100111,
000000000100,
110010111110,
101011011010,
000000101010,
110110010010,
100111011001,
000001101110,
111000111010,
100011101100,
000011000110,
111010111100,
100000011000,
000100100110,
111100011100,
011101100000,
000110000111,
111101100010,
011011000101,
000111100001,
111110010010,
011001000111,
001000110000,
111110110011,
010111100111,
001001101111,
111111000111,
010110100010,
001010011100,
111111010010,
010101111001,
001010110101,
111111010111,
010101101011,
001010111001,
111111010110,
010101111000,
001010101000,
111111010000,
010110100000,
001010000010,
111111000010,
010111100011,
001001001010,
111110101011,
011001000010,
001000000000,
111110000110,
011010111111,
000110101010,
111101010000,
011101011000,
000101001011,
111100000100,
100000001111,
000011101001,
111010011010,
100011100010,
000010001110,
111000001110,
100111001110,
000001000001,
110101011001,
101011001111,
000000001110,
110001111000,
101111011011,
000000000001,
101101100110,
110011101010,
000000100110,
101000100100,
110111101100,
000010001011,
100010110111,
111011010000,
000100111010,
011100101000,
111110000010,
001000111100,
010110000110,
111111101011,
001110010011,
001111100111,
111111110110,
010100111001,
001001101000,
111110001111,
011100100010,
000100101010,
111010101000,
100100110100,
000001010001,
110100111101,
101101001100,
000000000000,
101101011000,
110100111010,
000001010100,
100100010011,
111011001001,
000101011110,
011010011011,
111111000011,
001100011011,
010000101011,
111111110111,
010101110010,
001000001111,
111101000101,
100000101101,
000010010011,
110110100111,
101011111101,
000000000000,
101100111001,
110101111111,
000010000101,
100000111111,
111101001001,
001000101101,
010100100001,
111111111110,
010011010011,
001001100010,
111101100001,
100000011001,
000010001000,
110101101101,
101101110101,
000000000101,
101001100001,
111000111110,
000100010011,
011011000010,
111111010000,
001110011110,
001101001110,
111110111000,
011100110101,
000011010011,
110111010101,
101100010100,
000000000001,
101001111000,
111001001000,
000100110001,
011001100010,
111111101001,
010000111001,
001010100011,
111101100100,
100001100011,
000001010110,
110010110110,
110010001001,
000001001000,
100010001000,
111101011101,
001010101001,
010000010111,
111111011101,
011011011001,
000011011101,
110110110001,
101110000101,
000000010010,
100101110100,
111100000011,
001000101011,
010010010111,
111111101110,
011010001000,
000011110100,
110110111111,
101110010000,
000000011001,
100100101010,
111100110100,
001010001101,
010000000001,
111111001011,
011101101111,
000010000110,
110011100011,
110010101000,
000001101111,
011110100110,
111111000010,
001111110111,
001001111110,
111100011010,
100110001110,
000000000110,
101011010001,
111001101110,
000110101110,
010011111010,
111111110001,
011011000101,
000010110011,
110100010101,
110010011111,
000001111110,
011101000101,
111111100001,
010010101100,
000111001111,
111001110111,
101011101011,
000000001110,
100100001010,
111101101100,
001101001011,
001011011111,
111100110011,
100110100010,
000000000001,
101000101110,
111011110100,
001010000110,
001110011011,
111110000101,
100011100111,
000000001110,
101010111001,
111010110100,
001000111110,
001111011110,
111110010111,
100011000100,
000000001111,
101010110001,
111011000100,
001001100011,
001110011111,
111101110111,
100100111001,
000000000011,
101000010110,
111100011111,
001011111101,
001011100111,
111100010000,
101001000011,
000000000111,
100011011111,
111110011111,
010000101000,
000111011001,
111000110000,
101111001100,
000001011111,
011100001010,
111111111010,
011000000101,
000010111100,
110010011001,
110110011101,
000101100110,
010010110100,
111110111111,
100010011100,
000000001001,
101000010111,
111101000001,
001101111010,
001000111100,
111001101001,
101110101101,
000001100110,
011010111101,
111111111111,
011011000000,
000001100010,
101110010100,
111010000110,
001001110011,
001100011110,
111011111011,
101011010110,
000000110000,
011101100010,
111111111010,
011001100001,
000001110110,
101110101101,
111010001010,
001010010001,
001011100011,
111011000011,
101101011100,
000001011111,
011010001110,
111111111011,
011101111001,
000000100011,
101001101000,
111101001001,
001111100010,
000110101000,
110110001110,
110100010111,
000101001110,
010001011101,
111101111000,
101000001010,
000000011000,
011110010110,
111111111100,
011011001111,
000000111110,
101010110001,
111100111101,
001111110000,
000110000001,
110100111100,
110110001101,
000111001000,
001110000100,
111011111001,
101101010000,
000001111001,
010111100011,
111111011010,
100011100101,
000000000001,
100001001001,
111111110011,
011010010100,
000000111110,
101001111001,
111101101100,
010010001110,
000100000010,
110001001110,
111001110111,
001011101101,
001000011011,
110110111001,
110101000100,
000110110110,
001101011111,
111010111101,
101111111001,
000011100010,
010010101001,
111101100111,
101010110110,
000001011111,
010111100001,
111111001000,
100110001110,
000000011011,
011011110100,
111111110100,
100010010001,
000000000001,
011111011011,
111111111110,
011111000011,
000000000010,
100010001111,
111111110110,
011100100111,
000000001110,
100100010001,
111111101001,
011010111111,
000000011100,
100101100001,
111111011110,
011010001000,
000000100011,
100101111110,
111111011010,
011010000011,
000000100010,
100101101011,
111111100000,
011010110000,
000000011000,
100100100101,
111111101101,
011100001110,
000000001010,
100010101101,
111111111010,
011110100000,
000000000000,
100000000011,
111111111110,
100001100011,
000000000110,
011100100110,
111111101011,
100101011000,
000000101010,
011000011011,
111110110001,
101001111000,
000001111111,
010011101010,
111100111100,
101110110111,
000100011000,
001110100001,
111001111001,
110100000010,
001000001001,
001001011010,
110101010111,
111000111110,
001101011111,
000100110100,
101111001100,
111101000010,
010100100000,
000001011100,
100111011001,
111111100011,
011100111111,
000000000000,
011110010100,
111111101110,
100110011111,
000001010001,
010100101000,
111100111000,
110000000101,
000101110011,
001011011011,
110110100111,
111000100010,
001101110001,
000100000111,
101101000001,
111110010100,
011000110001,
000000010001,
100000111011,
111111111001,
100101100011,
000001001111,
010011111101,
111100001011,
110010000110,
000111110010,
001000011111,
110010111001,
111011110011,
010011100001,
000001010001,
100101001010,
111111111101,
100010100110,
000000101011,
010101100011,
111100101010,
110001110000,
000111111011,
000111111011,
110001101011,
111100110010,
010110000110,
000000011111,
100001001001,
111111110011,
100111110101,
000010011011,
001111100110,
111000110000,
110111101100,
001110010011,
000010111101,
101000110101,
111111101110,
100000111111,
000000100100,
010101000010,
111011111001,
110011111100,
001010100101,
000101000000,
101100011100,
111111001000,
011110000011,
000000001100,
010111000000,
111100101010,
110011000000,
001010000010,
000101001011,
101100010100,
111111010000,
011111000100,
000000011001,
010101001100,
111011100010,
110101001011,
001100011111,
000011010110,
101000011011,
111111111001,
100100000100,
000001101100,
001111110111,
110111110011,
111001101111,
010010101010,
000000110010,
100000011100,
111111010111,
101100101100,
000101111110,
001000001111,
101111110101,
111110100011,
011101011011,
000000010100,
010100101000,
111010100111,
110111001110,
001111110011,
000001011100,
100010010010,
111111100100,
101100010000,
000110000111,
000111101001,
101110011011,
111111001001,
100000011000,
000001000010,
010000101011,
110111100001,
111010110001,
010101100110,
000000000110,
011010100010,
111101001001,
110100000101,
001101000000,
000010001111,
100011110000,
111111101010,
101100100111,
000110111010,
000110001111,
101011100001,
111111110100,
100101011010,
000011000100,
001011000001,
110001100011,
111110100000,
011111001000,
000001000000,
001111101110,
110101111010,
111100011111,
011010000101,
000000001010,
010011110101,
111000110111,
111010011010,
010110010110,
000000000000,
010111000000,
111010101101,
111000101011,
010011111000,
000000000111,
011001000100,
111011101100,
110111100110,
010010100110,
000000001111,
011001111101,
111100000001,
110111010100,
010010011100,
000000001110,
011001101001,
111011110000,
110111110111,
010011011001,
000000000110,
011000001001,
111010110100,
111001001011,
010101100010,
000000000000,
010101011111,
111001000011,
111011000011,
011000111001,
000000001110,
010001110011,
110110001101,
111101001011,
011101100101,
000001001011,
001101010100,
110001111101,
111111000010,
100011100010,
000011011011,
001000011111,
101100000100,
111111111110,
101010100010,
000111100000,
000100000000,
100100011011,
111111001001,
110010000001,
001101111010,
000000110100,
011011010100,
111011101101,
111001000011,
010110110011,
000000001000,
010001011101,
110100111111,
111110010000,
100001110010,
000011000110,
001000010011,
101010110100,
111111111100,
101101101010,
001010100101,
000001110010,
011101111101,
111100100110,
111000010111,
010110011111,
000000001011,
010000010111,
110011011010,
111111000011,
100101010111,
000101010000,
000101001001,
100101000011,
111110111010,
110100000010,
010001011010,
000000000010,
010100010110,
110110010101,
111110000101,
100010100110,
000100000101,
000110000111,
100110001101,
111111000100,
110011111110,
010001110100,
000000000000,
010010111100,
110100110011,
111110110111,
100101101101,
000110000100,
000011110110,
100001011110,
111101011001,
111000001011,
010111110010,
000000100111,
001100100010,
101110001001,
111111111110,
101110010011,
001100110010,
000000100000,
010110111010,
110111010001,
111110000110,
100100000000,
000101100011,
000011111000,
100000101101,
111100101110,
111001101101,
011010111111,
000001101011,
001000110111,
101000110001,
111111010010,
110100100001,
010011111111,
000000001011,
001101111101,
101110101101,
111111111110,
101111101111,
001111000100,
000000000011,
010010001110,
110010101001,
111111110000,
101100000111,
001100000001,
000000011011,
010101001000,
110100111001,
111111010110,
101001111110,
001010100000,
000000110000,
010110011101,
110101101110,
111111001100,
101001011111,
001010010110,
000000101111,
010110000110,
110101001110,
111111011000,
101010101011,
001011100000,
000000011001,
010100000110,
110011010110,
111111110011,
101101011110,
001110001010,
000000000010,
010000100100,
101111110101,
111111111101,
110001101001,
010010100110,
000000001111,
001011110111,
101010011010,
111111001001,
110110101101,
011001000101,
000001111001,
000110101011,
100010110111,
111100011000,
111011101111,
100001101000,
000110000011,
000010001010,
011001011010,
110110100111,
111111010011,
101011101111,
001101100111,
000000000000,
001111000001,
101101001001,
111111100011,
110101111100,
011000111011,
000010001011,
000101101010,
100000001110,
111010100011,
111101101101,
100111000001,
001010010001,
000000010100,
010001101010,
101111010010,
111111110010,
110101000111,
011000011101,
000010001111,
000101001101,
011110110010,
111001010110,
111110100110,
101010010000,
001101010111,
000000000000,
001101001010,
101001111000,
111110011010,
111001111011,
100000001101,
000110010101,
000001011000,
010101010001,
110001110011,
111111111100,
110100010111,
011000011101,
000010100111,
000100001100,
011011110110,
110110110001,
111111101010,
101111100111,
010011010101,
000000111110,
000110110101,
100000001110,
111001011010,
111110111011,
101100100111,
010000101000,
000000011011,
001000010100,
100010001101,
111010010111,
111110100101,
101011101111,
010000000110,
000000011001,
001000010001,
100001110001,
111001111011,
111110111000,
101101000101,
010001101100,
000000110011,
000110101011,
011110111100,
110111111100,
111111100111,
110000100000,
010101100100,
000010000111,
000011111111,
011001110000,
110011111001,
111111111101,
110101100001,
011011111111,
000101010010,
000001001101,
010010100000,
101101000110,
111110100111,
111011000100,
100100111110,
001011100000,
000000000000,
001010001101,
100011000110,
111001110111,
111111001111,
101111101101,
010101101110,
000010100101,
000010111100,
010110011101,
110000001101,
111111010011,
111001111011,
100011101100,
001011000101,
000000000001,
001001100011,
100001011101,
111000011001,
111111110000,
110010111100,
011010001001,
000101000101,
000000111100,
010000001111,
101001010101,
111100100101,
111110000111,
101101000011,
010011111111,
000010010011,
000010110001,
010101000000,
101101110111,
111110010011,
111100011111,
101001100110,
010000111111,
000001010110,
000011111000,
010111000001,
101111011001,
111110101101,
111100000011,
101001000100,
010000110110,
000001011010,
000011100110,
010110000010,
101110001001,
111110001010,
111101000010,
101011100001,
010011100011,
000010100101,
000010000011,
010010001011,
101001111011,
111100001010,
111110110111,
110000101010,
011001011000,
000101101111,
000000010101,
001100000000,
100010011001,
110111011101,
111111111111,
110111100000,
100010100110,
001100010111,
000000011101,
000101000011,
010111101010,
101110100100,
111101111001,
111101110100,
101110011101,
010111101111,
000101010000,
000000010101,
001011011000,
100000110000,
110101101101,
111111110011,
111010000111,
100111100001,
010001010000,
000010010000,
000001110010,
001111111111,
100101111011,
111000111101,
111111111101,
110111101011,
100100001001,
001110101010,
000001011001,
000010100011,
010001011101,
100111001000,
111001011100,
111111111101,
110111101111,
100100101010,
001111011111,
000001110110,
000001110111,
001111011101,
100100011011,
110111011000,
111111111001,
111010010001,
101001000100,
010011111010,
000100000101,
000000011010,
001010011011,
011101101110,
110001111101,
111110011110,
111101111111,
110000110010,
011100100010,
001001110001,
000000010101,
000100000101,
010011011000,
100111110110,
111001000011,
111111111110,
111001110111,
101001010011,
010101000000,
000101001010,
000000000100,
000111101011,
011000111000,
101100110111,
111011110000,
111111110001,
110111011100,
100110000100,
010010011000,
000011111101,
000000001111,
001000100101,
011001110000,
101101001110,
111011101100,
111111110101,
111000001010,
100111100110,
010100010001,
000101010001,
000000000000,
000110010100,
010101110111,
101000111111,
111000110111,
111111111001,
111011101001,
101101101100,
011010111111,
001010000100,
000000110000,
000010001111,
001101111001,
011111101100,
110001100011,
111101011100,
111111011011,
110110111010,
100110110010,
010100011101,
000101111110,
000000000001,
000100100000,
010001110111,
100011110000,
110100011000,
111110011111,
111110111000,
110101100010,
100101011100,
010011101100,
000101110011,
000000000010,
000100000110,
010000101011,
100001111000,
110010011110,
111101011101,
111111100110,
111000010101,
101001111000,
011000100011,
001001011100,
000000111011,
000001011100,
001010110000,
011010000111,
101011000111,
111000111010,
111111101010,
111101100001,
110011001010,
100011100001,
010010111100,
000101111110,
000000001001,
000010111100,
001101100011,
011101000100,
101101010100,
111010000000,
111111110100,
111101010001,
110011001000,
100100000100,
010011111111,
000111000001,
000000011100,
000001110110,
001010110011,
011001000010,
101000111101,
110110100111,
111110101100,
111111010000,
111000010000,
101011011011,
011011111001,
001101011001,
000011010100,
000000000000,
000100001011,
001110110010,
011101010101,
101100011100,
111000101011,
111111010010,
111110110101,
110111011111,
101010111100,
011100000001,
001110000000,
000011111101,
000000000001,
000010111101,
001100000110,
011001011100,
101000000111,
110101000011,
111101100011,
111111111010,
111011101101,
110001110110,
100100011001,
010110000110,
001001110101,
000010000000,
000000001000,
000100100000,
001110001110,
011011010110,
101001010101,
110101011110,
111101100000,
111111111101,
111100011010,
110011100111,
100111001101,
011001100010,
001101000101,
000100000101,
000000000111,
000001110101,
001000111000,
010011111101,
100001000110,
101110000000,
111000011101,
111110101100,
111111101101,
111011011001,
110010100001,
100110100111,
011001101010,
001101110001,
000100111001,
000000011001,
000000111100,
000110011011,
001111111001,
011011110101,
101000011000,
110011100110,
111011110001,
111111101110,
111110111001,
111001011101,
110000010010,
100100110000,
011000100101,
001101100001,
000101001001,
000000100111,
000000100001,
000100110100,
001100111000,
010111100010,
100011010011,
101110100100,
110111110101,
111101111001,
111111111110,
111101111000,
110111111001,
101110110111,
100011111110,
011000100111,
001110001111,
000110000111,
000001001101,
000000000101,
000010110110,
001001000110,
010010000010,
011100100110,
100111100000,
110001100000,
111001011100,
111110011011,
111111111110,
111101111011,
111000100100,
110000100001,
100110101110,
011100001110,
010010001100,
001001101010,
000011100001,
000000010110,
000000011110,
000011110011,
001001111110,
010010010100,
011011111110,
100101111110,
101111010111,
110111001101,
111100110100,
111111101010,
111111100010,
111100011111,
110110110110,
101111001010,
100110001001,
011100100111,
010011011100,
001011011010,
000101001100,
000001010010,
000000000000,
000001011001,
000101010100,
001011011001,
010011000111,
011011110100,
100100110100,
101101011000,
110100110111,
111010101101,
111110011111,
111111111101,
111111000011,
111011111000,
110110101011,
101111111001,
101000000001,
011111100111,
010111010010,
001111100111,
001001000101,
000100001000,
000001000010,
000000000000,
000001000001,
000100000010,
001000110001,
001110111100,
010110000111,
011101110110,
100101101010,
101101000110,
110011101101,
111001001001,
111101000111,
111111011010,
111111111100,
111110101110,
111011110101,
110111011111,
110001111010,
101011011100,
100100011100,
011101001111,
010110001111,
001111110000,
001010000111,
000101100100,
000010010010,
000000011011,
000000000010,
000001000110,
000011100001,
000111001100,
001011111010,
010001011101,
010111100101,
011110000000,
100100011101,
101010101100,
110000011100,
110101100001,
111001101110,
111100111010,
111111000000,
111111111011,
111111101100,
111110010110,
111011111011,
111000100101,
110100011011,
101111100111,
101010010110,
100100110010,
011111000111,
011001100001,
010100001011,
001111001110,
001010110100,
000111000100,
000100000011,
000001110110,
000000011111,
000000000000,
000000010111,
000001100010,
000011011110,
000110000111,
001001010110,
001101000110,
010001010001,
010101101110,
011010011000,
011111000110,
100011110011,
101000010111,
101100101101,
110000110000,
110100011010,
110111101001,
111010011000,
111100100110,
111110010000,
111111010111,
111111111010,
111111111010,
111111011000,
111110010110,
111100110101,
111010111001,
111000100101,
110101111100,
110011000000,
101111110110,
101100100000,
101001000011,
100101100001,
100001111110,
011110011100,
011010111111,
010111101000,
010100011011,
010001011000,
001110100010,
001011111011,
001001100011,
000111011011,
000101100100,
000011111110,
000010101010,
000001100111,
000000110101,
000000010011,
000000000010,
000000000001,
000000001110,
000000101001,
000001010000,
000010000100,
000011000010,
000100001010,
000101011011,
000110110011,
001000010010,
001001110110,
001011011111,
001101001100,
001110111100,
010000101101,
010010100000,
010100010011,
010110000110,
010111111001,
011001101001,
011011011000,
011101000101,
011110110000,
100000010111,
100001111011,
100011011100,
100100111001,
100110010010,
100111101000,
101000111001,
101010000111,
101011010001,
101100010110,
101101011000,
101110010110,
101111010000,
110000000111,
110000111010,
110001101001,
110010010101,
110010111101,
110011100011,
110100000101,
110100100100,
110101000001,
110101011010,
110101110001,
110110000110,
110110010111,
110110100111,
110110110100,
110110111111,
110111000111,
110111001101,
110111010001,
110111010011,
110111010011,
110111010001,
110111001100,
110111000110,
110110111101,
110110110001,
110110100100,
110110010100,
110110000010,
110101101101,
110101010101,
110100111011,
110100011110,
110011111110,
110011011100,
110010110110,
110010001100,
110001100000,
110000110000,
101111111100,
101111000101,
101110001010,
101101001011,
101100001001,
101011000010,
101001111000,
101000101001,
100111010111,
100110000001,
100100100110,
100011001001,
100001100111,
100000000010,
011110011011,
011100110000,
011011000010,
011001010011,
010111100010,
010101101111,
010011111100,
010010001001,
010000010111,
001110100101,
001100110110,
001011001010,
001001100010,
000111111110,
000110100001,
000101001010,
000011111011,
000010110101,
000001111000,
000001000111,
000000100010,
000000001010,
000000000000,
000000000100,
000000011001,
000000111101,
000001110011,
000010111001,
000100010001,
000101111010,
000111110101,
001010000000,
001100011011,
001111000110,
010001111110,
010101000011,
011000010010,
011011101011,
011111001001,
100010101011,
100110001110,
101001110000,
101101001100,
110000011111,
110011100111,
110110011111,
111001000101,
111011010100,
111101001011,
111110100101,
111111100001,
111111111101,
111111110110,
111111001100,
111101111110,
111100001100,
111001110111,
110111000010,
110011101110,
101111111110,
101011110111,
100111011110,
100010110111,
011110001010,
011001011100,
010100110100,
010000011010,
001100010100,
001000101010,
000101100010,
000011000001,
000001001111,
000000001110,
000000000010,
000000101100,
000010001110,
000100100101,
000111110000,
001011101001,
010000001011,
010101001101,
011010100111,
100000001111,
100101111010,
101011011011,
110000101000,
110101010100,
111001010100,
111100011111,
111110101101,
111111110101,
111111110101,
111110101011,
111100010111,
111000111101,
110100100100,
101111010110,
101001011110,
100011001011,
011100101101,
010110010101,
010000010011,
001010111001,
000110010111,
000010111100,
000000110001,
000000000000,
000000101100,
000010110101,
000110011000,
001011001010,
010001000000,
010111100111,
011110101011,
100101110111,
101100110011,
110011000111,
111000011101,
111100100010,
111111000110,
111111111111,
111111000110,
111100011100,
111000001011,
110010011110,
101011101010,
100100000111,
011100010010,
010100101000,
001101100111,
000111101101,
000011010010,
000000101010,
000000000010,
000001011111,
000100111110,
001010010001,
010001000100,
011000111011,
100001010011,
101001101001,
110001010111,
110111110111,
111100101011,
111111011011,
111111110111,
111101111010,
111001101100,
110011011111,
101011101111,
100011000001,
011010000010,
010001011101,
001010000001,
000100010101,
000000111001,
000000000010,
000001110111,
000110010000,
001100111001,
010101001101,
011110100001,
101000000000,
110000110101,
111000001010,
111101010101,
111111110011,
111111010101,
111011111001,
110101110011,
101101100101,
100100000000,
011001111110,
010000100000,
001000100010,
000010111001,
000000001011,
000000101110,
000100100001,
001011001101,
010100000111,
011110010101,
101000110001,
110010010011,
111001110111,
111110100111,
111111111101,
111101101100,
111000000011,
101111101000,
100101010111,
011010011010,
010000000101,
000111100110,
000001111111,
000000000000,
000001111001,
000111100000,
010000001011,
011010110110,
100110001110,
110000110111,
111001010111,
111110101000,
111111111001,
111100111111,
110110001101,
101100011011,
100000111011,
010101010000,
001011000001,
000011101000,
000000001011,
000001001011,
000110100010,
001111100100,
011010111111,
100111001011,
110010010111,
111010111000,
111111011100,
111111010011,
111010011100,
110001100011,
100101111011,
011001010101,
001101101111,
000100111110,
000000011011,
000000111001,
000110010110,
001111111110,
011100001110,
101001001001,
110100100110,
111100101010,
111111111100,
111101110110,
110110101001,
101011100011,
011110011011,
010001100001,
000111000110,
000001000010,
000000011101,
000101100000,
001111010111,
011100010000,
101001111000,
110101101110,
111101100101,
111111111100,
111100010100,
110011010100,
100110100110,
011000100100,
001011111100,
000011001010,
000000000000,
000011001000,
001100000000,
011000111001,
100111010000,
110100001011,
111101000010,
111111111110,
111100010011,
110010101111,
100101001110,
010110100100,
001001110111,
000001110101,
000000010000,
000101100010,
010000100101,
011111000010,
101101101111,
111001011100,
111111100000,
111110100000,
110110100111,
101001100011,
011010010001,
001100010000,
000010110001,
000000000100,
000100110110,
010000000010,
011111000011,
101110010100,
111010001101,
111111110001,
111101101000,
110100001111,
100101110101,
010101111011,
001000011111,
000000111010,
000001001001,
001001001100,
010111000101,
100111010010,
110101101010,
111110011100,
111111010011,
110111111100,
101010001110,
011001110000,
001010111010,
000001101100,
000000101000,
001000000110,
010110000110,
100110110111,
110101110001,
111110101010,
111111000000,
110110100111,
100111110100,
010110110000,
001000010010,
000000100110,
000001111101,
001100000011,
011011111111,
101101001010,
111010011110,
111111111101,
111011111001,
101111011101,
011110010100,
001101101001,
000010100001,
000000011010,
001000000010,
010111000110,
101000111110,
111000000101,
111111101000,
111101001011,
110001011100,
100000000101,
001110101010,
000010110011,
000000011001,
001000010011,
011000000000,
101010011000,
111001010110,
111111111010,
111011110001,
101110010010,
011011111010,
001010111001,
000001000011,
000001110100,
001100111111,
011110110011,
110001000011,
111101011000,
111111010111,
110110010000,
100101001101,
010010010000,
000100001100,
000000001000,
000111101000,
011000000000,
101011010110,
111010100100,
111111111110,
111001100000,
101001100000,
010101111001,
000110000011,
000000000000;